time,x,y,z,phi,theta,psi,x_velocity,y_velocity,z_velocity,phi_velocity,theta_velocity,psi_velocity,rotor_speed1,rotor_speed2,rotor_speed3,rotor_speed4
0.06,-2.19305649e-07,-8.02317942601e-08,10.0013166059,6.28301279312,0.000234739758382,0.0,-1.92133829968e-05,-1.00732090733e-05,0.0438857313315,-0.00935545124518,0.0107706662902,0.0,418.6059119033351,419.5418864827341,418.76934430272235,417.9549720160213
0.12000000000000001,-1.05472365307e-05,-7.65169219348e-06,10.0111874186,6.28214781324,0.000372753747379,0.0,-0.000386921468974,-0.000326711456324,0.285111637482,-0.0271874728464,-0.0257661677272,0.0,480.41360737142816,477.6357249322963,480.9115957839,479.55934318446344
0.18,-3.6152455231e-05,-6.40879530058e-05,10.0380446151,6.28032604259,6.28202960211,0.0,-0.000258576737057,-0.00178673449752,0.610011630822,-0.0376192372891,-0.0248969745197,0.0,503.1684287587829,503.23130575218636,503.8857921799066,503.13101978891217
0.23999999999999996,-2.18676964091e-05,-0.000239166253457,10.0777700973,6.27829951625,6.28049039329,0.0,0.000890218769817,-0.00426783307268,0.714110289258,-0.0270247104413,-0.0272108986294,0.0,438.50787463386865,438.3155098677072,438.35322221551695,439.23210529179636
0.3,0.000100167933208,-0.000613533550418,10.1258203474,6.27691245337,6.27863148553,0.0,0.00337280755586,-0.00837914574679,0.887444318117,-0.0162686489046,-0.0398541172571,0.0,459.96077892847876,458.9582155633127,460.3717153144472,461.22183923201635
0.36000000000000004,0.000407203418437,-0.00125131780127,10.1823389499,6.27598397871,6.27597609274,0.0,0.0071200395761,-0.0129781045067,0.996417969903,-0.013932006693,-0.0549598134777,0.0,440.562002170974,439.31020538634255,441.0836396415154,441.2766401708653
0.4200000000000001,0.000977512274021,-0.00216467545312,10.2427675298,6.27508260756,6.27270012441,0.0,0.0121871378098,-0.0175454170331,1.01784592084,-0.0172989065473,-0.0538886368209,0.0,411.2490875351556,411.3416901190998,413.3574054426968,413.060711937458
0.48000000000000015,0.00199182645013,-0.00342932050191,10.311734042,6.27409568268,6.26960896969,0.0,0.0220188235305,-0.0247348791417,1.28077511771,-0.014800527116,-0.0471594368163,0.0,486.67707631612535,487.178956383079,486.8304364766856,487.0174301887697
0.5400000000000001,0.00361586537906,-0.00511222435023,10.3924028211,6.27318273115,6.26677539606,0.0,0.0324139468945,-0.0314559897047,1.40803037135,-0.0160596987589,-0.0473600999434,0.0,447.148848597302,447.131176237459,447.1681164366576,447.06564468453223
0.6000000000000002,0.00596659403783,-0.00724384882706,10.4832115783,6.27214827607,6.26422959631,0.0,0.0462561031162,-0.0397134529875,1.61864696595,-0.0197145320744,-0.0340488948606,0.0,472.02399497993406,473.0491159298255,472.92675090619787,472.6452790071745
0.6600000000000003,0.00920712583831,-0.00989740360181,10.5867280738,6.2710205795,6.26218261759,0.0,0.0619981835141,-0.0488718524272,1.83157952329,-0.0170165511489,-0.034251460382,0.0,474.20579599481647,474.1898379652108,473.5691366891335,473.77667641257193
0.7200000000000003,0.0134165156227,-0.0131124555873,10.7018481006,6.26999530708,6.25988866964,0.0,0.0785523797344,-0.0584084922838,2.0054584534,-0.0172308935244,-0.0476992643777,0.0,463.7661648418932,462.70807948383464,462.805300019891,462.78852215685913
0.7800000000000004,0.018648295857,-0.0169091271442,10.826339757,6.26879375998,6.25793692425,0.0,0.0960823099226,-0.0682634868685,2.14400512817,-0.0263005300576,-0.0125119547661,0.0,451.0942442886272,453.9259907556927,453.6675911903615,452.93883542378273
0.8400000000000004,0.0249794115151,-0.0213320980535,10.9596161524,6.26671650533,6.25690872498,0.0,0.115042553904,-0.0793540819927,2.29823749329,-0.0616965417279,-0.0285211508629,0.0,458.1248928856364,456.8503033107246,460.4081094246319,457.59844847084383
0.9000000000000005,0.0324153140389,-0.0264376227855,11.0999196308,6.26259189497,6.2555471667,0.0,0.132966408132,-0.0912085823477,2.37836900588,-0.0890733046476,-0.0130352599803,0.0,434.6985947560245,435.99422060730745,437.4252387800552,435.1355112803233
0.9600000000000005,0.0410087367883,-0.0323884655178,11.2471259328,6.25737844599,6.25509838163,0.0,0.153536964316,-0.107722725382,2.52817129797,-0.0828512791992,0.00179795496944,0.0,457.80512455920336,458.9839234046979,457.2047314950511,457.6941461026343
1.0200000000000005,0.0508796771229,-0.039479011378,11.4046204355,6.25251032586,6.25494315431,0.0,0.175481928691,-0.129186135454,2.72118757244,-0.0779090619725,-0.0132432456384,0.0,472.3696820119609,471.20843430708294,471.1915354184439,471.5685255146616
1.0800000000000005,0.0620417402858,-0.0479327501682,11.5725318641,6.24854191435,6.25381154747,0.0,0.196677703994,-0.153061145561,2.87546289424,-0.0493900318125,-0.033518417268,0.0,461.9896094482071,460.388218022152,459.576761797095,461.82826161782157
1.1400000000000006,0.0744576751279,-0.0578436527472,11.7480884467,6.24641840661,6.25192023056,0.0,0.217377483081,-0.17754357983,2.97614677727,-0.0164453826638,-0.0278020391943,0.0,444.6043576272701,445.0721020672747,444.3686244779292,447.0602871261591
1.2000000000000006,0.0881647258786,-0.069274305025,11.9300383624,6.24524358663,6.25002915231,0.0,0.239697494224,-0.203578590136,3.08853813374,-0.0267313345949,-0.0402367710631,0.0,450.03326956259684,449.02526451498034,449.91022005023143,449.0766719935144
1.2600000000000007,0.10323104993,-0.0822690121447,12.1180758441,6.24378847287,6.24799865804,0.0,0.262725368129,-0.229722393311,3.17911063346,-0.0197050122886,-0.0234124183874,0.0,442.2970200985915,443.6799729373216,443.4349029371647,444.01164134772654
1.3200000000000007,0.119706789488,-0.0968496526404,12.3112670844,6.2422492189,6.24684645159,0.0,0.286582406629,-0.256421364511,3.26035279041,-0.0415141911207,-0.011892096853,0.0,440.5317979946687,441.4834119362996,441.8450347109788,440.0431027489885
1.3800000000000008,0.13781606059,-0.113274103352,12.5143109382,6.24001416668,6.24642998176,0.0,0.317099940674,-0.291321475764,3.50702832589,-0.0298582360964,0.00147255453806,0.0,490.87107723266206,491.86196409534205,490.3808647566129,491.2454113861506
1.4400000000000008,0.157530817594,-0.1315728443,12.7258796653,6.2381726771,6.24763891317,0.0,0.339978489247,-0.318800953078,3.54513354613,-0.0324120451601,0.0430762769618,0.0,427.5018047752934,431.0324538139667,429.3807580099444,429.16368553396205
1.5000000000000009,0.178702138345,-0.151704115732,12.9430001371,6.23590889453,6.25064803723,0.0,0.365405137509,-0.352447652772,3.69174632894,-0.051350893064,0.0614776797375,0.0,462.3243673976788,463.77343522701926,464.75167382884104,463.2641316816059
1.560000000000001,0.201272724939,-0.173826050935,13.1671837099,6.2328732461,6.25399460627,0.0,0.38657805112,-0.385244561812,3.78073867329,-0.0491225461827,0.0408235715584,0.0,447.4121879344108,445.72934626881886,446.949093949409,447.1290722797273
1.620000000000001,0.225012200387,-0.197911343935,13.3954081416,6.22998076469,6.25641626883,0.0,0.404501048417,-0.417866570932,3.82657497956,-0.0464395693745,0.0394198146017,0.0,434.04100752568195,433.92405786427946,433.3885791564541,433.61255725274606
1.680000000000001,0.249865036151,-0.224181488431,13.6295892976,6.22700308473,6.25893014244,0.0,0.423641356202,-0.458093825747,3.9789254529,-0.0569172795326,0.0464418527367,0.0,466.6848245029184,467.2334798808882,467.82002826897616,467.00198378192533
1.740000000000001,0.275807028212,-0.252932512096,13.8728811879,6.22388304539,6.26202454899,0.0,0.440750924532,-0.500601316146,4.13024595934,-0.0436397905825,0.0602454895677,0.0,467.60824348828163,468.68391551082993,467.29006791709963,468.3223612544409
1.8000000000000012,0.302706346762,-0.284310244164,14.1254152195,6.22168683105,6.26563257794,0.0,0.455477911153,-0.545553750783,4.28696234561,-0.0253282928841,0.0599096266744,0.0,471.7644912920918,471.74088291233727,468.9585044839021,470.3782121591916
1.8600000000000012,0.330294582474,-0.318018488889,14.3806831449,6.22018042059,6.26951774541,0.0,0.463837908723,-0.578190401672,4.22220406688,-0.0246676343931,0.0730056623327,0.0,401.1675567513287,402.35860688447855,399.77111524622603,399.83113638731203
1.9200000000000013,0.358318929736,-0.353701865297,14.6319475468,6.21833731298,6.27365512244,0.0,0.469975940158,-0.611400347003,4.15352172495,-0.0469574542595,0.0592960237633,0.0,399.2426551574819,397.993819562756,400.12195193712495,398.0867332399459
1.9800000000000013,0.386667770578,-0.391561244918,14.8813808967,6.21515233429,6.27805756874,0.0,0.474621024886,-0.650841790659,4.16087477445,-0.0696006944193,0.0923910736169,0.0,422.5520276466815,425.39987375288314,425.40383229447025,423.45810460126893
2.0400000000000014,0.415242530141,-0.432395099593,15.1391911242,6.21172506287,0.000572702913463,0.0,0.477144555515,-0.710693966517,4.43174414839,-0.0396474111845,0.0997811482422,0.0,503.73843975396767,504.2790648877062,502.69488559557044,504.85875228353666
2.1000000000000014,0.443825027877,-0.476614302439,15.4092593585,6.20979915852,0.00630926812399,0.0,0.474967153556,-0.763473118652,4.56996028393,-0.0201657590267,0.0855963173623,0.0,467.49134741337406,466.39188261615976,467.6458102650105,469.16060353435586
2.1600000000000015,0.472174838013,-0.523821109656,15.6846593512,6.20864568051,0.0118759826941,0.0,0.469521351623,-0.810191186864,4.60986065357,-0.0174059964107,0.104238103195,0.0,437.44274216519216,438.99976180279884,438.49193238393485,438.7211996172107
2.2200000000000015,0.500036649166,-0.574148787476,15.9664061073,6.20701773366,0.0180930769372,0.0,0.458507157306,-0.867478415965,4.78096889875,-0.0674411921058,0.102349831859,0.0,478.6623903305235,478.52715949984724,481.154810217057,477.35081765608646
2.2800000000000016,0.527189746424,-0.627584786398,16.253470893,6.20276299893,0.0246931016041,0.0,0.446026073085,-0.914087934705,4.78777753154,-0.078954887408,0.122054422072,0.0,429.02993553877883,430.7108441747495,430.0342671496833,429.05362535456874
2.3400000000000016,0.553438788332,-0.683995656397,16.5421666152,6.19884537749,0.0323986324566,0.0,0.428230306691,-0.966660826098,4.83514846013,-0.0466689068224,0.138815036986,0.0,442.1915759961796,443.5852461498495,441.68688736240046,444.3383522716035
2.4000000000000017,0.578475567933,-0.74361319339,16.8334852915,6.19575280843,0.040474331523,0.0,0.405562188362,-1.02085295872,4.87524239181,-0.0637049580036,0.124444497383,0.0,442.28299675004547,441.11439429574676,441.39110251379947,439.98089604561756
2.4600000000000017,0.602078707814,-0.806381102543,17.1253446109,6.19227881544,0.0485593816549,0.0,0.380542214464,-1.07172813837,4.85342470765,-0.048277546786,0.149931620169,0.0,420.41603008906554,422.6362432557722,420.8596846419446,422.190459286484
2.520000000000002,0.623882110472,-0.872542245167,17.4189692647,6.18905047668,0.0573258814988,0.0,0.345367807282,-1.13391603763,4.93362900883,-0.0681463743778,0.137099948447,0.0,455.8887102620898,454.88145970887507,453.96908235049096,452.3697880695085
2.580000000000002,0.643462202948,-0.94240581397,17.7163480369,6.18487190715,0.0655191773872,0.0,0.306539302121,-1.19524143592,4.97869096116,-0.0728157803947,0.135443267459,0.0,444.2997177797168,444.1811069787653,444.3427334512566,443.95602022053794
2.640000000000002,0.660835602349,-1.01561698777,18.012256491,6.18056189696,0.0744665235753,0.0,0.271910876229,-1.2454937005,4.88522936702,-0.0699389764736,0.167754449762,0.0,397.19549510422576,400.1710207584531,398.2349614282403,398.4934329526951
2.700000000000002,0.675237466191,-1.09292357789,18.3123709704,6.17841349399,0.084438621407,0.0,0.207006780783,-1.33162931119,5.11740452558,-0.00389970695377,0.162904431702,0.0,499.99614826632825,499.665668248814,498.19948888497447,503.00397766725877
2.760000000000002,0.685591985114,-1.17532615774,18.6253219219,6.1776739621,0.0941830292212,0.0,0.137084919939,-1.41507857738,5.31326026319,-0.0400916776806,0.161393869618,0.0,492.99053878815,492.9011665726704,492.6331729458706,489.9494125118022
2.820000000000002,0.691696210021,-1.26257160039,18.948186994,6.17528347142,0.103926223484,0.0,0.0654099145055,-1.49329334087,5.44809472798,-0.0393459410098,0.164299028186,0.0,477.25485004072084,477.49966821481723,475.3256132556178,475.3820738486635
2.880000000000002,0.693127420583,-1.3547230651,19.2806069919,6.17415680789,0.113743392485,0.0,-0.0187309264543,-1.57850660699,5.63148329776,0.0055546865305,0.16222647491,0.0,492.33490950148393,492.20418646948775,490.46354305585663,493.78736857768104
2.940000000000002,0.689608235174,-1.45170022274,19.6212100995,6.17472560596,0.1231597894,0.0,-0.0994846221139,-1.65397861516,5.72134416773,0.0163580430986,0.143442901415,0.0,467.3764347731904,465.93171745829324,466.1968175308811,467.0402136200796
3.000000000000002,0.681182495709,-1.55308552928,19.9661762432,6.17578232077,0.131223685982,0.0,-0.182138804623,-1.72541608734,5.77709452583,0.0200084616056,0.102082643282,0.0,460.02439899975883,456.7519779017934,456.23216498623185,456.5235042739829
3.0600000000000023,0.66826437539,-1.65824739639,20.3098931351,6.17725512536,0.137218957304,0.0,-0.248958648115,-1.7799537885,5.68051798102,0.0323524829815,0.0952081226357,0.0,408.27530589887516,407.6709160805065,407.91341675297565,409.0146518783743
3.1200000000000023,0.649971662212,-1.7676326914,20.6569502176,6.17891857376,0.142612664956,0.0,-0.361290200764,-1.86591421818,5.88684807851,0.016329441465,0.0762978415287,0.0,502.8312833624464,501.4648972055248,502.81529815082047,501.6530704648927
3.1800000000000024,0.626038953901,-1.88126610046,21.0079562418,6.17950198578,0.146794158136,0.0,-0.436840533849,-1.92186364804,5.81361287531,-0.00871582134285,0.0512659289746,0.0,419.4064870707979,417.2300662612704,418.9799975363039,416.79626892758205
3.2400000000000024,0.597289027507,-1.99841519377,21.3560727875,6.179082746,0.149838598327,0.0,-0.521740595469,-1.98317625091,5.79025281313,-0.00373683225395,0.0496692901202,0.0,434.2483492034869,434.1160666253169,434.07867170566556,434.49649131434535
3.3000000000000025,0.563201826103,-2.11938769691,21.7040516339,6.17935598996,0.152667385306,0.0,-0.614723081188,-2.04924607472,5.80880504405,0.0174100683668,0.0415536570342,0.0,448.1757481586606,447.5168128160931,446.9570062488562,448.6774649554629
3.3600000000000025,0.523670837993,-2.24419881153,22.051953936,6.18107047171,0.155056906891,0.0,-0.703177800908,-2.11104391143,5.78793449437,0.0446966881624,0.0361240364778,0.0,435.79669111162906,435.34335201958345,434.43979945030736,436.72244044501724
3.4200000000000026,0.478418779483,-2.37293559977,22.4009836836,6.18338173089,0.157204049138,0.0,-0.805363798627,-2.1799437183,5.84598750836,0.0218069852233,0.03510046023,0.0,459.4336805156493,459.3530218288883,462.90517126049866,461.10069859278684
3.4800000000000026,0.42708664062,-2.50571773552,22.7529199605,6.1842039505,0.159093110094,0.0,-0.905842338029,-2.24603023838,5.88489238399,-0.0120626422178,0.023041824687,0.0,455.90209832590494,454.93770920325534,457.1229430766682,454.41536993271876
3.5400000000000027,0.369720147504,-2.64244641924,23.1070145892,6.18454805803,0.16095004214,0.0,-1.00647880355,-2.3116074715,5.91794166459,0.0279739143219,0.0433304298305,0.0,453.23683782857455,454.86514076247425,453.2849414867007,456.49166756212094
3.6000000000000028,0.305943200687,-2.78330634253,23.4651270231,6.18610541128,0.163331981594,0.0,-1.11957080012,-2.3835394246,6.0184587672,0.0215796724518,0.0312149275219,0.0,476.34675245208973,475.4198551805544,476.03326772207765,475.54370552115
3.660000000000003,0.235710106119,-2.92824000763,23.8269941506,6.1875147576,0.164739897832,0.0,-1.22165303972,-2.44748353223,6.04351404331,0.0270575061024,-0.000318488690032,0.0,454.7016779992583,452.1679337414791,454.3975917955082,454.83664701749217
3.720000000000003,0.159617920069,-3.07682927984,24.1886468123,6.1887901031,0.164967851089,0.0,-1.31478291007,-2.50542883371,6.01165241111,0.00593569419794,0.0109726906385,0.0,435.0815039655325,436.02598950827974,437.87847194066325,436.11742240607225
3.780000000000003,0.077532384876,-3.2291125786,24.5507659946,6.18964036193,0.165341148236,0.0,-1.4214008092,-2.57063443234,6.05860155424,0.0269583621423,-0.00555835848061,0.0,462.3170938676455,461.01238795510307,460.0070079981555,461.66900345359295
3.840000000000003,-0.0106958565756,-3.38515297594,24.9141446208,6.19083594245,0.165276961044,0.0,-1.51952694221,-2.63063366183,6.05394940516,-0.0003520051571,0.00666323665326,0.0,444.6064522989926,445.6069049430775,447.513555827277,445.28446582136235
3.900000000000003,-0.104855716628,-3.54481017686,25.2774810696,6.19112160995,0.16538230677,0.0,-1.61915509397,-2.69129724371,6.05711711314,0.0134097099483,-0.0105207145114,0.0,448.17638883543185,446.7771940183839,448.8541740409942,449.96981208420544
3.960000000000003,-0.20448720421,-3.7078300679,25.6379661822,6.19183939129,0.165339472779,0.0,-1.70197044834,-2.74273960166,5.95949328602,0.00890023117066,0.0139218937493,0.0,414.2534949165565,416.3978596041113,415.6265604913198,415.2309325736345
4.020000000000002,-0.309585746105,-3.87420431903,25.9955153171,6.19316292445,0.166470935937,0.0,-1.80140853568,-2.80302778087,5.95868889142,0.0402069820841,0.0272487254494,0.0,445.9302006392411,447.01770699773505,445.35619136876204,447.91014447284533
4.080000000000001,-0.421113438372,-4.04441094506,26.3555889984,6.19550457686,0.168004015881,0.0,-1.91627014631,-2.87030268415,6.0431778561,0.0365583207736,0.0219204093984,0.0,473.1542151137471,472.7438136397092,473.79292256972445,473.5129113884574
4.14,-0.53965062892,-4.21866289454,26.7212105982,6.19755320839,0.169177563626,0.0,-2.03501342888,-2.93788488354,6.14351859813,0.0288165182462,0.0143606904049,0.0,479.41566151495056,478.840728927341,479.6492843211189,479.0612338713437
4.199999999999998,-0.664717230066,-4.39663067931,27.0892101883,6.19961880387,0.169644605985,0.0,-2.13397288328,-2.99428104611,6.1231421848,0.0437790384114,-0.0105347623905,0.0,444.1214735402905,442.0742732992313,442.75175360933383,443.98185209355165
4.259999999999997,-0.795241225953,-4.5777197922,27.4531246931,6.20268446855,0.169464931863,0.0,-2.21694448254,-3.0419440687,6.00793528695,0.0627283528142,0.00892937196285,0.0,411.2811009465512,413.0019469536899,409.8752901114959,411.55822318317405
4.319999999999996,-0.931278495843,-4.76188313641,27.8131906537,6.20633002618,0.169725473549,0.0,-2.31771397821,-3.0965987116,5.99427892298,0.0564997284868,-0.00692768544125,0.0,445.0305590164022,443.7303597932902,443.98428738316426,443.4754640154291
4.379999999999995,-1.07530255318,-4.95013727205,28.1836647864,6.20922905295,0.169830975341,0.0,-2.48275201762,-3.17799887619,6.3527234507,0.0220938044097,0.0150913100195,0.0,549.6441550397216,551.1017286403286,552.59922909946,550.3269969508563
4.439999999999993,-1.22770327393,-5.1425560672,28.5666702498,6.2104150622,0.170681131989,0.0,-2.5973253236,-3.2358691215,6.4136225487,0.0146516853713,0.012258383737,0.0,472.0134457178517,471.79459235847276,472.0859831009455,471.5111936339973
4.499999999999992,-1.38657825732,-5.33825897578,28.9508561571,6.21115518093,0.171543514542,0.0,-2.69863234413,-3.28755641402,6.3925591954,0.00724553706368,0.0182982365819,0.0,448.03247728740445,448.5232920071779,446.8126804658339,446.2081984747113
4.559999999999991,-1.55181827692,-5.53717171809,29.3352634928,6.21109840586,0.172790743325,0.0,-2.80948095943,-3.34287982874,6.42067641355,-0.027242784514,0.025350149303,0.0,462.12130934574157,462.67695296947386,464.7670189091909,462.0553809876798
4.6199999999999894,-1.72360997094,-5.73936687387,29.7205753499,6.20981130084,0.174252995606,0.0,-2.91706794491,-3.39711951017,6.42281392601,-0.0118461737776,0.0223368921253,0.0,455.95903767746023,455.7182439706838,454.7100445177965,455.9420967480617
4.679999999999988,-1.90110587379,-5.94451803485,30.1015407703,6.20932328702,0.175729224536,0.0,-2.999751435,-3.4414029336,6.2767317238,-0.0015855726048,0.0287900808268,0.0,406.7434283310134,407.32127612993656,406.2684765587858,407.1878139912641
4.739999999999987,-2.08457381101,-6.1527480236,30.4792045483,6.2095347453,0.178272721279,0.0,-3.11605211591,-3.49962501588,6.31163033079,0.0121682877742,0.0609632743095,0.0,463.5610065886632,466.083743474347,464.2963553846857,465.37439503402146
4.799999999999986,-2.27511923124,-6.36449130241,30.859130277,6.21025166361,0.181562268087,0.0,-3.23577889215,-3.55845384131,6.35206495326,0.0115056849195,0.0382618981353,0.0,468.38865641534676,466.62114114760715,467.40782065785976,467.35603461365105
4.859999999999984,-2.47195866634,-6.57938492245,31.236259117,6.21093811818,0.183905170248,0.0,-3.32588991043,-3.60473927586,6.2195026435,0.011311044398,0.0405762787553,0.0,412.20171428693317,412.4071369042964,411.8933180693293,411.87598534911604
4.919999999999983,-2.67481538047,-6.79727811224,31.6084329269,6.21176887026,0.186281555608,0.0,-3.43628703043,-3.65838001868,6.18627167744,0.0184863451513,0.0375930592366,0.0,444.6209304071039,444.3771795549898,443.28763543026025,443.87691582485576
4.979999999999982,-2.88448872688,-7.0184412497,31.9793242895,6.21299250064,0.188307791985,0.0,-3.55307896079,-3.71369489808,6.17662083137,0.023958942516,0.0247536667932,0.0,452.1623760951478,451.1269914223642,451.3800807467644,451.821595081203
5.0399999999999805,-3.10244497032,-7.24336517906,32.3560237925,6.2144729305,0.189870256382,0.0,-3.71213794226,-3.78358256847,6.37858181995,0.0260664351833,0.0284986953153,0.0,514.7139026143569,514.9789610159369,514.5553907744629,514.7045940710778
